RouteID    RoutePoints           Energy
R1         0 74 41 22 75 56 23 67 39 25 55 24 29 79 3 0     14274.8
R2         0 100 91 85 61 16 86 38 44 14 43 15 42 0     12863.1
R3         0 13 95 94 27 28 0     4809.12
R4         0 50 33 81 9 78 34 35 65 71 66 20 51 1 69 0     13759.3
R5         0 6 5 84 17 45 46 47 36 49 64 11 63 90 32 30 70 0     15768
R6         0 52 18 60 83 8 82 48 19 62 10 88 7 31 0     11794.9
R7         0 26 12 76 77 68 80 54 4 72 73 21 40 0     8830.67
R8         0 89 96 99 59 93 98 37 92 97 87 57 2 58 53 0     7270.11
Tempo utilizado pelo programa em milissegundos: 14801
Número de veículos: 8
