RouteID    RoutePoints           Energy
R1         0 40 72 56 39 67 23 75 22 41 74 73 21 0     10974.2
R2         0 100 91 85 61 16 86 38 44 14 43 15 42 0     12863.1
R3         0 94 95 97 92 59 93 98 37 99 96 89 27 28 0     7236.2
R4         0 50 33 81 9 78 34 35 65 71 66 20 51 1 69 0     13759.3
R5         0 6 5 84 17 45 46 47 36 49 64 11 63 90 32 30 70 0     15768
R6         0 52 18 60 83 8 82 48 19 62 10 88 7 31 0     11794.9
R7         0 76 77 68 80 54 4 25 55 24 29 79 3 12 26 0     12063.6
R8         0 53 58 2 57 87 13 0     4986.35
Tempo utilizado pelo programa em milissegundos: 9603
Número de veículos: 8
