RouteID    RoutePoints           Energy
R1         0 40 73 72 56 39 67 23 75 41 22 74 21 0     10965
R2         0 100 91 85 61 16 86 38 44 14 43 15 42 0     12863.1
R3         0 94 96 99 60 83 8 18 89 0     6514.9
R4         0 50 33 81 9 78 34 35 65 71 66 20 51 1 28 0     13973.3
R5         0 6 5 84 17 45 46 47 36 49 64 11 63 90 32 30 70 0     15768
R6         0 27 69 31 88 7 82 48 19 62 10 52 0     9548.49
R7         0 76 77 68 80 54 4 25 55 24 29 79 3 12 26 0     12063.6
R8         0 13 95 59 93 98 37 92 97 87 57 2 58 53 0     7051.64
Tempo utilizado pelo programa em milissegundos: 19649
Número de veículos: 8
