RouteID    RoutePoints           Energy
R1         0 74 41 22 75 56 23 67 39 25 55 24 29 79 3 0     14274.8
R2         0 89 99 93 98 85 91 100 37 42 87 97 13 0     7699.82
R3         0 53 58 2 57 15 43 14 44 38 86 16 61 60 52 0     12715.6
R4         0 50 33 81 9 78 34 35 65 71 66 20 51 1 28 0     13973.3
R5         0 6 5 84 17 45 46 47 36 49 64 11 63 90 32 30 70 0     15768
R6         0 27 69 31 88 10 62 19 48 7 82 8 83 18 0     10812.7
R7         0 26 12 76 77 68 80 54 4 72 73 21 40 0     8830.67
R8         0 94 95 92 59 96 0     3917.19
Tempo utilizado pelo programa em milissegundos: 35661
Número de veículos: 8
