RouteID    RoutePoints           Energy
R1         0 40 74 41 22 75 56 23 67 39 25 55 4 54 0     12859.8
R2         0 100 91 85 61 16 86 38 44 14 43 15 42 0     12863.1
R3         0 94 95 13 73 72 21 26 27 0     7339.61
R4         0 50 33 81 9 78 34 35 65 71 66 20 51 1 69 0     13759.3
R5         0 6 5 84 17 45 46 47 36 49 64 11 63 90 32 30 70 0     15768
R6         0 52 18 60 83 8 82 48 19 62 10 88 7 31 0     11794.9
R7         0 28 76 77 3 79 29 24 80 68 12 0     7632.35
R8         0 89 96 99 59 93 98 37 92 97 87 57 2 58 53 0     7270.11
Tempo utilizado pelo programa em milissegundos: 14370
Número de veículos: 8
