RouteID    RoutePoints           Energy
R1         0 74 41 22 75 56 23 67 39 25 55 24 29 79 3 0     14274.8
R2         0 100 91 85 61 16 86 38 44 14 43 15 42 0     12863.1
R3         0 53 58 2 57 87 97 94 0     5392.65
R4         0 50 33 81 9 78 34 35 65 71 66 20 51 1 28 0     13973.3
R5         0 6 5 84 17 45 46 47 36 49 64 11 63 90 32 30 70 0     15768
R6         0 27 69 31 10 62 19 82 8 48 7 88 52 0     10738.6
R7         0 26 12 76 77 68 80 54 4 72 73 21 40 0     8830.67
R8         0 13 95 59 92 37 98 93 99 96 60 83 18 89 0     7170.29
Tempo utilizado pelo programa em milissegundos: 14981
Número de veículos: 8
