RouteID    RoutePoints           Energy
R1         0 40 21 73 72 74 22 41 75 23 67 39 56 0     10589.6
R2         0 100 91 85 61 16 86 38 44 14 43 15 42 0     12311.3
R3         0 94 96 99 60 83 8 82 18 89 0     6521.21
R4         0 50 33 81 9 78 34 35 65 71 66 20 51 1 28 0     13599.5
R5         0 6 5 84 17 45 46 47 36 49 64 11 63 90 32 30 70 0     15391.3
R6         0 27 69 31 10 62 19 48 7 88 52 0     8178.79
R7         0 26 12 68 80 54 4 25 55 24 29 79 3 77 76 0     11062.3
R8         0 13 95 59 93 98 37 92 97 87 57 2 58 53 0     6825.62
Tempo utilizado pelo algoritmo de economias: 0
Tempo utilizado pelo hill climbing 2-opt: 0
