RouteID    RoutePoints           Energy
R1         0 6 94 96 99 5 84 17 45 46 47 36 49 64 11 63 90 32 30 70 31 0     16962.5
R2         0 95 87 97 92 59 93 98 37 100 91 85 61 16 86 38 44 14 43 15 42 57 2 13 0     16172.3
R3         0 58 40 21 73 72 74 41 22 75 56 23 67 39 25 55 24 29 79 3 77 68 80 12 0     16688.4
R4         0 28 76 50 33 81 9 78 34 35 65 71 66 20 51 1 69 27 0     14068
R5         0 52 7 88 10 62 19 48 82 8 83 60 18 89 53 26 54 4 0     16573.9
--------------------------------------------------------------------------
Número de movimentos: 8
Evolução da Solução:
R1         16962.5 
R2         17712.9 16172.3 
R3         16881.4 16688.4 
R4         14068 
R5         16574.5 16573.9 
Tempo utilizado pelo algoritmo de economias: 105249
Tempo utilizado pelo hill climbing 2-opt: 39240
