RouteID    RoutePoints           Energy
R1         0 40 21 73 72 56 39 67 23 75 74 22 41 0     10573.6
R2         0 100 91 85 61 16 86 38 44 14 43 15 42 0     12311.3
R3         0 94 95 96 99 59 93 98 37 92 97 87 57 2 0     6943.41
R4         0 50 33 81 9 78 34 35 65 71 66 20 51 1 69 0     13278
R5         0 6 5 84 17 45 46 47 36 49 64 11 63 90 32 30 70 0     15391.3
R6         0 52 18 60 83 8 82 48 19 62 10 88 7 31 0     11442.7
R7         0 26 12 68 80 54 4 25 55 24 29 79 3 77 76 0     11062.3
R8         0 53 58 13 89 27 28 0     4583.03
Tempo utilizado pelo algoritmo de economias: 0
Tempo utilizado pelo hill climbing 2-opt: 0
