RouteID    RoutePoints           Energy
R1         0 40 21 73 72 74 23 67 39 56 75 22 41 0     10675.4
R2         0 100 91 85 61 16 86 38 44 14 43 15 42 0     12311.3
R3         0 94 96 99 60 83 18 89 0     4993.17
R4         0 50 33 81 9 78 34 35 65 71 66 20 51 1 69 0     13278
R5         0 6 5 84 17 45 46 47 36 49 64 11 63 90 32 30 70 0     15391.3
R6         0 27 31 10 62 88 7 19 48 8 82 52 28 0     11126.2
R7         0 26 12 68 80 54 4 55 25 24 29 79 3 77 76 0     11194.9
R8         0 13 95 59 93 98 37 92 97 87 57 2 58 53 0     6825.62
Tempo utilizado pelo algoritmo de economias: 0
Tempo utilizado pelo hill climbing 2-opt: 0
