RouteID    RoutePoints           Energy
R1         0 40 21 73 72 75 23 39 67 56 22 41 74 0     11202.2
R2         0 100 91 85 61 16 86 38 44 14 43 15 42 0     12311.3
R3         0 94 95 59 92 37 98 93 99 96 60 83 8 18 52 89 0     8546.37
R4         0 50 33 81 9 78 34 35 65 71 66 20 51 1 69 0     13278
R5         0 6 5 84 17 45 46 47 36 49 64 11 63 90 32 30 70 0     15391.3
R6         0 28 27 31 88 10 62 19 48 82 7 0     9229.89
R7         0 26 12 68 80 54 4 25 55 24 29 79 3 77 76 0     11062.3
R8         0 53 58 2 57 87 97 13 0     4969.02
Tempo utilizado pelo algoritmo de economias: 0
Tempo utilizado pelo hill climbing 2-opt: 0
