RouteID    RoutePoints           Energy
R1         0 40 21 73 72 74 23 67 39 56 75 22 41 0     10675.4
R2         0 100 91 85 61 16 86 38 44 14 43 15 42 0     12311.3
R3         0 13 94 95 99 5 84 17 45 83 60 89 0     7481.92
R4         0 50 33 81 9 78 34 35 65 71 66 20 51 28 0     13306.3
R5         0 27 31 62 10 63 90 32 30 70 1 69 0     8701.91
R6         0 88 48 19 11 64 49 36 47 46 8 82 7 18 52 0     14810.4
R7         0 26 12 68 80 54 4 25 55 24 29 79 3 77 76 0     11062.3
R8         0 53 58 2 57 87 97 92 37 98 59 93 96 6 0     6818.15
Tempo utilizado pelo algoritmo de economias: 0
Tempo utilizado pelo hill climbing 2-opt: 0
