RouteID    RoutePoints           Energy
R1         0 57 55 54 53 56 58 60 59 0     9990.21
R2         0 32 33 31 35 37 38 39 36 34 0     9560.56
R3         0 91 89 88 85 84 82 83 86 87 90 0     7371.69
R4         0 13 17 18 15 19 16 14 12 11 0     9899.88
R5         0 66 68 64 61 72 80 79 77 73 70 71 76 78 81 0     13607.6
R6         0 43 41 40 42 46 44 45 48 51 50 52 49 47 0     6365.71
R7         0 98 96 95 94 92 93 97 100 99 3 0     9645.5
R8         0 75 1 2 4 6 9 8 7 5 10 0     5707.1
R9         0 67 65 63 74 62 69 0     4233.18
R10        0 20 21 22 24 25 27 29 30 28 26 23 0     4899.5
--------------------------------------------------------------------------
Número de movimentos: 14
Evolução da Solução:
R1         9990.21 
R2         9560.56 
R3         7371.69 
R4         10019.2 9899.88 
R5         13783 13607.6 
R6         6425.63 6365.71 
R7         9645.5 
R8         5707.1 
R9         4369.24 4233.18 
R10        4899.5 
Tempo utilizado pelo algoritmo de economias: 66738
Tempo utilizado pelo hill climbing 2-opt: 32944
