RouteID    RoutePoints           Energy
R1         0 24 22 20 49 19 18 48 21 23 25 77 58 75 97 59 87 74 86 0     17133.8
R2         0 50 34 31 29 27 26 28 30 32 33 89 76 63 85 51 0     17080.6
R3         0 96 54 42 44 43 40 36 35 37 38 39 41 72 71 93 67 62 84 95 56 91 0     16886.9
R4         0 69 98 53 10 11 9 13 15 16 17 47 14 12 78 73 79 60 88 0     14119.7
R5         0 68 55 100 2 6 7 4 8 46 45 5 3 1 70 61 81 94 92 80 0     15171.4
R6         0 65 66 64 83 57 52 99 82 90 0     7331.1
--------------------------------------------------------------------------
Número de movimentos: 9
Evolução da Solução:
R1         17133.8 
R2         17080.6 
R3         17739.3 16886.9 
R4         14119.7 
R5         15597.5 15171.4 
R6         7407.14 7331.1 
Tempo utilizado pelo algoritmo de economias: 119415
Tempo utilizado pelo hill climbing 2-opt: 33865
