RouteID    RoutePoints           Energy
R1         0 18 48 21 23 25 77 58 75 97 59 87 0     14879.9
R2         0 10 11 9 13 15 16 17 47 14 12 0     9569.61
R3         0 41 39 38 37 35 36 40 43 44 42 0     9472.65
R4         0 67 34 31 29 27 26 28 30 32 33 50 62 95 0     12771.6
R5         0 100 2 6 7 4 8 46 45 5 3 1 0     9973.45
R6         0 68 61 70 55 88 60 79 73 78 53 98 0     11184.3
R7         0 91 56 84 64 83 57 74 86 52 99 82 65 66 0     12041.5
R8         0 90 24 22 19 49 20 51 76 89 63 85 0     13137.9
R9         0 80 92 94 93 71 72 54 96 81 69 0     8900.95
--------------------------------------------------------------------------
Número de movimentos: 11
Evolução da Solução:
R1         14879.9 
R2         9569.61 
R3         9472.65 
R4         12771.6 
R5         10157.6 9973.45 
R6         11483.7 11184.3 
R7         12041.5 
R8         13137.9 
R9         8900.95 
Tempo utilizado pelo algoritmo de economias: 60567
Tempo utilizado pelo hill climbing 2-opt: 37075
