RouteID    RoutePoints           Energy
R1         0 18 48 21 23 25 77 58 75 97 59 87 0     15234.1
R2         0 10 11 9 13 15 16 17 47 14 12 0     9844.06
R3         0 41 39 38 37 35 36 40 43 44 42 0     9722.23
R4         0 67 34 31 29 27 26 28 30 32 33 50 62 95 0     13085.9
R5         0 100 2 4 45 5 3 1 46 8 7 6 0     10058.2
R6         0 69 98 53 78 79 73 60 88 55 0     9817.98
R7         0 91 56 84 64 83 57 74 86 52 99 82 65 66 0     12333.7
R8         0 90 24 22 19 49 20 51 76 89 63 85 0     13709.1
R9         0 80 92 94 93 71 72 54 96 81 70 61 68 0     11140.9
Tempo utilizado pelo programa em milissegundos: 11209
Número de veículos: 9
