RouteID    RoutePoints           Energy
R1         0 57 55 54 53 56 58 60 59 0     10305
R2         0 32 33 31 35 37 38 39 36 34 0     9841.54
R3         0 91 89 88 85 84 82 83 86 87 90 0     7669.82
R4         0 13 17 18 15 19 16 14 12 11 0     10174.9
R5         0 66 68 64 61 72 80 79 77 73 70 71 76 78 81 0     13989.9
R6         0 43 41 40 42 46 44 45 48 51 50 52 49 47 0     6664.01
R7         0 98 96 95 94 92 93 97 100 99 10 0     10478.8
R8         0 5 3 7 8 9 6 4 2 1 75 0     5220.47
R9         0 67 65 63 74 62 69 0     4490.56
R10        0 20 21 22 24 25 27 29 30 28 26 23 0     5145.87
Tempo utilizado pelo programa em milissegundos: 5416
Número de veículos: 10
